1618090192000 37219126
1618176592000 37263346
1618262992000 36414256
1618349392000 37338071
1618439690202 36941200
1618523617850 37371350
1618610060602 37713584
1618696305552 37879150
1618782743411 38415524
1618869589274 38697848
1618955895934 39021698
1619042338296 39225566
1619128620679 39378356
1619215275027 39653013
1619301356858 39766524
1619389871427 39397849
1619474656905 39748113
1619560977496 40153153
1619647995348 39653646
1619735510122 39887398
1619820296653 40078256
1619906334606 40274880
1619992999610 40466373
1620081246027 39730306
1620166032951 40221311
1620252769535 40690678
1620340180415 40768461
1620425486295 41207948
1620513121075 41309578
1620597809167 41488428
1620684970017 41603862
1620771332686 41820366
1620861609186 41501618
1620944327729 41513923
1621031764469 41752255
1621136822402 42264432
1621222695892 42518819
1621309416799 42722817
1621395876231 43169495
1621483093803 43120832
1621569894174 43529161
1621655018237 43880538
1621741222807 44230119
1621828895146 43938648
1621915269021 44105715
1622000719428 43780734
1622087424111 44170776
1622174127488 44551738
1622260247086 44917853
1622346487320 45235808
1622433030023 45742688
1622519239879 45642343
1622622710989 45741587
1622711010631 45183559
1622795614697 44890890
1622882003731 45970550
1622968533837 46450141
1623054915775 46958658
1623141400261 47352889
1623227909358 47426163
1623316153488 47573574
1623400561570 47918091
1623487026019 48117385
1623573450059 47099093
1623659670996 47941694
1623729693476 46689570
1623817675006 48512274
1623903519640 48918726
1623989005658 49270586
1624076823805 49609358
1624161578684 49334654
1624249152572 49258686
1624335763278 49363104
1624421260184 49955609
1624509486110 48532107
1624595108309 49074269
1624681482044 49845339
1624766714164 50143399
1624853441137 50421510
1624940393009 50613208
1625026248130 50930771
1625128049663 51044725
1625214503189 51370704
1625300986173 51603660
1625387263923 51942980
1625473839479 52292619
1625560248208 52484028
1625646703336 52844388
1625733152622 52707753
1625821475234 52690370
1625905961090 51186600
1625992323598 52339810
1626078793752 52599163
1626165156357 52865798
1626251756658 53282919
1626338405006 53367452
1626424461320 53879133
1626512940580 54001098
1626650697999 54205985
1626737312506 54401667
1626823687109 54703089
1626911251244 54935400
1626998460504 54832541
1627200350290 53956682
1627288917190 54097373
1627375634005 53350156
1627459757189 54035545
1627546520971 54403321
1627632589141 54476963
1627719011040 55249200
1627805294186 55660893
1627891940106 55878195
1627978335581 56137279
1628064722561 56470857
1628151271360 56635928
1628238848877 56702046
1628325231207 55584395
1628399810022 56282414
1628486530063 56495828
1628572677160 56819276
1628667474089 57087160
1628753751670 57338656
1628840142748 57785460
1628926536727 57934120
1629012957256 58145470
1629099957764 58251237
1629185992579 58451745
1629272705289 58370431
1629336298653 58861384
1629423055971 58961064
1629511289970 57815935
1629595736423 58734269
1629682188862 59006247
1629782907515 59157473
1629869368389 59905577
1629955885728 60232931
1630047078458 60491962
1630135300640 60000977
1630219891024 60684317
1630292077789 60857119
1630378279788 61135338
1630464674592 61166651
1630497475293 61107070
1630584208761 61326591
1630672313535 61269507
1630756602850 61406178
1630843196727 59835832
1630915068343 60771103
1631001815671 61508390
1631090421042 61670970
1631174569069 61323948
1631347449077 62372705
1631436221732 62432099
1631520855939 62503966
1631606937014 63002385
1631779873861 63438065
1631922836253 59102095
1631952661247 64095284
1632039075871 64288555
1632125633771 64390977
1632214431294 63148032
1632299291091 63032475
1632385093614 63890014
1632471557957 64088855
1632557496069 64370414
1632644071434 64455151
1632730573418 64548611
1632817126627 64672781
1632903391643 64765767
1632990064430 64964410
1633046030735 57141944
1633076007281 65397296
1633162603592 65622636
1633248730540 65607519
1633335458995 65485414
1633431888083 65369212
1633508256737 65445485
1633594842572 64477027
1633681207443 65021100
1633767948567 65254112
1633853910571 65345412
1633940602937 65646871
1634029690208 66035838
1634113462530 66283058
1634199972777 66501915
1634286541222 66936068
1634372646080 67397252
1634461376739 67367463
1634545716004 67612400
1634632166133 67999122
1634718986211 68133098
1634805113391 68322980
1634893902679 68383883
1634977956751 68482954
1635064382667 68852436
1635151124747 68929380
1635239833673 67224102
1635324578501 67791052
1635410226214 67966011
1635496523529 67988305
1635585850296 68594249
1635669620733 69142409
1635756251990 69212242
1635842510657 69275029
1635929093336 69555395
1636015972415 69420057
1636104928369 68040487
1636188547686 68830480
1636291770477 61114038
1636368087300 68852530
1636448535711 69194403
1636534495061 70014715
1636620732940 70655857
1636706835013 70585059
1636793745884 71186097
1636879548528 71307224
1636966544061 71378129
1637052547832 71713232
1637139276179 72108458
1637323206687 72541251
1637407260330 72636050
1637493671599 73132601
1637580457279 72583842
1637666630975 72787574
1637753153771 72832126
1637839705411 73130643
1637926266794 71013631
1638012417230 71781179
1638101014657 71810150
1638143781484 71835241
1638230782473 72559509
1638346889873 72558194
1638431378309 72876394
1638522531149 73596698
1638611291272 73728728
1638695033664 74012989
1638761031669 74037198
1638848180054 74300606
1638937873924 73498103
1639059771230 73852854
1639148551474 73245144
1639267047721 73461004
1639353535972 73806272
1639440276007 74410225
1639526714326 74999456
1639612805926 75447599
1639729895126 75917515
1639816452073 75958809
1639903222705 75818497
1639991532554 75887251
1640074690874 76511254
1640150340482 76792361
1640237208317 76925383
1640322891363 77016732
1640409458202 77308103
1640495671356 77344010
1640593227335 77586900
1640679339737 77718347
1640766100355 77973350
1640852616561 76822798
1640941263776 76266508
1641025007728 77338111
1641087557528 76870757
1641171635688 77095145
1641258640027 77732775
1641344776421 77813525
1641432019444 78044462
1641517455182 78109971
1641604386973 78842089
1641690577023 78935913
1641777202731 79081089
1641950340929 80451217
1642036374058 80574325
1642122946875 80632992
1642209472618 81163577
1642248888121 81211664
1642335579873 81468916
1642424277014 81327756
1642508289843 81602026
1642594982487 81860863
1642681153375 82181542
1642767800010 82535970
1642854258173 82776687
1642918888557 83118417
1643005690844 83279087
1643092551534 82186936
1643178449162 82135667
1643266924415 82852258
1643353068121 83285887
1643419151270 83337408
1643505732133 83592587
1643591908393 83935709
1643679965077 83853561
1643766471344 82117583
1643851305651 82126789
1643938040314 82571262
1644024290085 82926303
1644111616605 83184341
1644198977090 83250933
1644286087652 83247411
1644378446036 83205978
1644463835658 83953256
1644550785775 84184188
1644636459428 84267061
1644723180484 84584506
1644809992691 84679009
1644889950496 84201105
1644974692453 84360465
1645061518596 84708720
1645148074861 85012088
1645233823942 85084583
1645341003555 85550501
1645427616311 85850570
1645514521104 86185948
1645602669061 85165501
1645687764537 85773896
1645773790778 85984102
1645855193964 81981210
1645941571551 86033648
1646029486342 85908421
1646115414348 86068725
1646200768356 86275356
1646287202800 86255021
1646373952623 86693664
1646448228429 86651253
1646536561085 86303675
1646620789820 86388147
1646707709088 86435935
1646794118971 86749456
1646880139991 85983968
1646997463936 86298638
1647087593683 86036859
1647170299259 86089131
1647226344305 86817421
1647313023921 85038272
1647399035544 85770639
1647485881004 86065384
1647571876372 86538060
1647658643704 86814815
1647745216080 86837411
1647833171923 87062286
1647917557027 87206331
1648004411346 87349222
1648090577515 87432519
1648174832553 87099283
1648260976849 87679098
1648346907195 87900863
1648433693185 87989535
1648520497775 88201076
1648606051220 88444795
1648692302563 88550753
1648780460244 88584739
1648864596827 88642123
1648951267008 87493318
1649038063738 87884189
1649140627983 88452442
1649227108521 88795066
1649313765518 88163454
1649400253273 88355151
1649486109870 88836259
1649574262656 88932371
1649660410423 89219748
1649754686744 89559493
1649841151364 89867194
1649927642552 90301390
1650014605507 90428089
1650100268734 90513406
1650189828832 88391711
1650275881429 88624903
1650338421899 89155809
1650425843282 89487090
1650515265482 89649631
1650603049245 89827745
1650687853828 89828681
1650774328002 90521511
1650860888346 90512768
1650948196239 90721784
1651044640133 91214349
1651130665728 91747906
1651217421544 91658215
1651302974354 91852970
1651391890231 91865399
1651476818581 92141928
1651562639147 92009704
1651661616806 92313303
1651750557859 90519243
1651833700328 91140059
1651920268781 91700396
1652006042836 91855841
1652093075271 92017039
1652179168320 92232231
1652230490511 92215238
1652317234880 92261673
1652403061193 92419354
1652489411396 92841345
1652575434094 92901941
1652662264565 93228379
1652775046823 93228813
1652835068018 93244698
1652921521091 93461331
1653010200302 93417819
1653094066818 93176000
1653200514237 93913783
1653287238661 93825619
1653373805639 94072379
1653460442206 94261635
1653546495412 94412087
1653633168155 92840675
1653720990488 93357095
1653806984091 93261027
1653892178821 93355168
1653978743462 93810954
1654064868147 93568828
1654143925125 93568211
1654229993512 93747280
1654316522873 93771459
1654402574551 93774921
1654489309175 93959913
1654566013929 93929922
1654655977069 93793865
1654737472171 94111789
1654825257022 94140794
1654910943142 94243735
1654997881506 94491793
1655083390967 94067007
1655166657903 94524321
1655252887840 94522696
1655339201835 94636549
1655428068306 94291129
1655512004192 94469401
1655599140730 94683887
1655700476209 94825387
1655788382418 92619471
1655874132674 92470856
1655958168359 92795110
1656044902811 93641344
1656130884822 94228207
1656202668808 94303296
1656289193554 94564511
1656376169269 94638464
1656462381222 94766908
1656548431758 94833811
1656635239428 94913909
1656750547028 95238556
1656831963522 95247600
1656918810453 95712430
1657005341729 95569296
1657091924658 93499027
1657179839439 93838494
1657265632525 94246176
1657361208475 94604887
1657447357650 94689249
1657534357814 94741577
1657620514107 94786721
1657707123478 94982029
1657793827236 95266824
1657879949102 95077979
1657966311238 95350340
1658055138679 95121648
1658139197117 95621255
1658225705770 96044058
1658312581133 96357429
1658398410129 96629623
1658485578173 96440695
1658571213992 96551526
1658660435249 95974015
1658744127999 96113747
1658831969198 96230539
1658916999805 96473040
1659003844600 96721328
1659090511192 93997325
1659176350749 95241610
1659265959659 92529980
1659350039298 93101341
1659435862826 94345918
1659522576578 94327120
1659608508003 94792037
1659695326777 95025239
1659781527660 95610782
1659868005058 95498516
1659954461063 95245535
1660041135140 95556754
1660127234950 95671496
1660218198315 95716266
1660300032261 95802422
1660386961216 95652779
1660475705654 95086629
1660559685528 95241276
1660646162149 95465860
1660750063930 92913476
1660835973416 93883431
1660923001384 93998136
1661008703730 94335427
1661095643540 94612566
1661181663438 94855645
1661268657703 94746566
1661356887627 93990859
1661442438517 92885556
1661530550646 91850718
1661614246196 93927117
1661700576800 94323712
1661787421749 94647961
1661873223057 94733900
1661960175005 94848619
1662046618206 94910850
1662132701700 95078687
1662219239007 95240786
1662305876160 95204701
1662391979456 95217673
1662478912310 92578583
1662564628729 93768475
1662654396536 93945491
1662737748381 93911277
1662824627241 94287234
1662910987022 94168096
1662997277092 94136962
1663084177419 94147389
1663170140083 94321785
1663256456866 94729130
1663342664523 94705034
1663471018965 94961142
1663558644045 93440670
1663646474056 93154706
1663730557296 93922571
1663817506893 94026516
1663903427118 94156576
1663989998641 94448507
1664076459522 94285112
1664163035711 94619660
1664250413199 95009061
1664339010147 92801125
1664424027571 92765964
1664508698629 93589625
1664595209116 93900963
1664681288751 94008699
1664768039453 93922975
1664854622273 94081946
1664941182753 94080014
1665027321059 94240511
1665113897825 95206388
1665201374009 95598084
1665288186939 94252248
1665372546997 94379643
1665460935473 94599553
1665546224985 94738858
1665636359865 94791208
1665720277411 93225071
1665805574099 94095830
1665892187892 94221304
1665979627678 94981017
1666065665155 95069875
1666151398992 95286798
1666237550508 95264712
1666324364585 95691579
1666410217122 95664618
1666498560416 95692464
1666582905846 96074478
1666670011484 95968999
1666784196490 95668694
1666863287030 94138793
1666950464230 94531693
1667035426891 95027052
1667122439108 95099116
1667208272337 94883657
1667294990977 94684608
1667381406420 94998538
1667467661586 94828905
1667554292938 94510852
1667643438304 92314967
1667729992945 92714537
1667816282157 93163043
1667904681036 93234121
1667965573660 91995121
1668052117338 92627178
1668138521935 93700925
1668224259319 93911160
1668310934258 94020561
1668400088036 93783793
1668487420843 92224430
1668575803593 91820084
1668656873656 92751104
1668742499736 93649501
1668831453059 93302885
1668915122207 91433744
1669011279084 90134611
1669094636169 90201404
1669184680104 90043263
1669270642242 88465724
1669355179490 88266720
1669440207755 88596802
1669526516920 89421335
1669613140228 89650234
1669699463097 89596673
1669786838830 89659705
1669874760974 89457918
1669958986978 89484360
1670045166414 89911882
1670133258916 89665433
1670219882102 87576006
1670304357879 87360733
1670391678813 88026210
1670477230993 88702696
1670564005286 88863577
1670650027736 88862825
1670736469421 88754781
1670823132031 88795279
1670912182118 88583339
1670998699715 87141305
1671086930016 85604201
1671171308370 86509923
1671255133026 87497041
1671341413467 87472034
1671428015831 87516826
1671514585342 87483374
1671601096898 87591684
1671689027139 87458490
1671774860328 87354261
1676107423137 84178202
1676193747106 84316553
1676371197369 84413557
1676454497731 82148586
1676539501007 83683779
1676626003341 83476680
1676712469572 83584935
1676798622942 83799195
1676885471118 81534755
1676971666445 82878975
1677058075229 83090828
1677144711459 83877036
1677230937655 83613444
1677317446074 83567956
1677406173182 82150735
1677500849880 82724121
1677586900997 83148006
1677669053209 83183732
1677749711377 83213869
1677836769038 81474187
1677922323474 81970349
1678009012719 81980885
1678095291991 82063972
1678189766908 82547736
1678277044534 81940058
1678365860218 79667262
1678451841898 80060577
1678535727184 80993145
1678621353998 81208284
1678709205771 82570171
1678795019919 82713444
1678881721643 82837791
1678966946965 82937914
1679053478520 83013837
1679139980554 80880669
1679226107174 80990926
1679312718791 80662826
1679399173110 82147659
1679485491515 82529863
1679572185488 82600505
1679658376190 81002981
1679746677775 82219192
1679833292232 79976690
1679917986230 80617392
1680006916775 79850392
1680090398694 80307249
1680177327632 80517566
1680263686485 81700492
1680350108574 81875216
1680436125547 81869581
1680522744201 80257759
1680608979471 81165482
1680695482693 81439931
1680782453308 81643160
1680871998307 79597484
1680954769609 79910292
1681041413305 79957890
1681127748572 80835333
1681200794026 80836550
1681287510636 81571693
1681373559599 81626131
1681460145191 81775882
1681546655755 79561390
1681632792127 79758850
1681719637348 79812833
1681806403717 80558268
1681892298718 80675946
1681978578403 80763914
1682068335751 79915575
1682154728097 79437071
1682237714829 80033357
1682324271794 80560000
1682410873247 80653494
1682497723951 80666674
1682583536362 81223280
1682670001007 81281160
1682756468613 79568119
1682842719406 79723468
1682929318870 79830873
1683015737854 80682546
1683102157547 81004665
1683189441539 80433207
1683274970750 80474514
1683361681114 80632767
1683447604050 80870577
1683534231028 80554152
1683620786989 79733041
1683707132317 79975198
1683793569832 80153081
1683881992016 80354675
1683967769868 80185031
1684052588030 80267576
1684139302577 81023275
1684225737724 81942326
1684313281439 82084383
1684401478325 82523945
1684485141684 82864512
1684571677450 80372043
1684657869935 80559727
1684744366705 80689479
1684830671498 80867560
1684917608630 79910315
1685003507838 80910521
1685090417341 81304478
1685176525112 81794516
1685262973000 80399215
1685349297052 80512882
1685435785511 80782076
1685522502681 81038599
1685608491938 81150157
1685694855320 80845425
1685781352385 80143971
1685867460841 79992701
1685955997399 81089252
1686041787714 81711182
1686126917950 81793092
1686213531769 82056420
1686299711810 83137399
1686386243849 81023670
1686472329220 81203285
1686558915214 81335441
1686645427799 81611871
1686731717427 81164770
1686818304936 81382260
1686904569124 81689902
1686991268558 81717341
1687101917031 81738875
1687187951428 81807879
1687274815974 81814791
1687364213168 81697543
1687447367516 79413138
1687533766086 80820229
1687620001597 80997510
1687706423778 82000103
1687792915106 82699529
1687879869270 82774735
1687965776121 82832215
1688052288195 82866747
1688138543671 82939403
1688225223104 82821268
1688311197541 83048350
1688397900656 83092786
1688484311970 83286386
1688804417099 83326041
1688889772598 83475372
1688974751370 83283036
1689061461490 80692040
1689147720238 81201245
1689234511943 81332344
1689320525051 81153185
1689406974883 81435744
1689493150115 81623326
1689580289621 81659988
1689666300092 81716672
1689752796031 81494110
1689839082730 81942049
1689925468252 82624010
1690011870615 82672815
1690098127785 82856633
1690184835445 82971102
1690271266097 82968389
1690357430531 82592679
1690444102024 82870068
1690530618055 82988178
1690617420512 83017295
1690703217466 79943777
1690791288849 80054032
1690877448641 80847647
1690962569516 81343526
1691049250709 81885879
1691135396869 82387743
1691221470906 82538451
1691308159205 82687298
1691396638310 82895676
1691485107913 79753173
1691567235206 80388200
1691653979261 80769784
1692070829898 81105843
1692157686657 81804702
1692243756258 82570764
1692331158470 82699475
1692419258030 80002926
1692503142382 79994389
1692589442253 80791125
1692676010245 80871856
1692762708254 81905697
1692848769515 81899722
1692935369040 82113224
1693022564375 82111195
1693108043993 83398607
1693194229486 83449224
1693280893010 83593505
1693367064328 83647572
1693454207409 83780973
1693540090942 80615387
1693627015040 81720475
1693712592507 82566391
1693799178131 82569404
1693885759493 82229938
1693972177935 82472004
1694059660306 83047400
1694148432606 78988344
1694233413374 80309310
1694317604555 81493319
1694404092846 81707884
1694490700866 81790953
1694577211935 81921556
1694663482476 82491273
1694750135361 82605550
1694836220790 82733113
1694922678964 82467477
1695009014509 83194952
1695095748424 83336096
1695182300399 83474705
1695269907569 84248109
1695357061033 80437411
1695441130992 82180169
1695531671754 81001348
1695616080031 81212205
1695700606477 82332687
1695787062577 82494482
1695873432112 83307972
1695959797698 84171980
1696046621316 84401365
1696132415103 84479253
1696218944685 84640858
1696305570785 84642034
1696392040389 84849456
1696478319037 85112309
1696565471769 85168544
1696651110422 85284001
1696737629875 85365864
1696824139256 83515301
1696910695549 84171497
1696997144391 84293095
1697083982506 84464064
1697169848195 84587877
1697257496576 84725891
1697345003288 81988472
1697428874509 82497400
1697515467864 83067309
1697602050099 83152635
1697688440612 83640213
1697774908989 83570184
1697861014635 83862382
1697947559657 83934484
1698033889625 84240406
1698120780465 84235894
1698207056705 84345550
1698293475738 84414384
1698379639063 84939365
1698466149691 85128174
1698552588171 82904086
1698639241024 84381172
1698726627200 84387232
1698815258917 83050910
1698898223433 83666182
1698984795628 84809154
1699071310117 84916803
1699157149789 84915383
1699243823121 85272757
1699330654601 85461155
1699418570436 85577091
1699507332914 83240654
1699592243726 83293074
1699675854791 84596199
1699762348174 84813002
1699848617779 85069361
1699935471384 85303081
1700021898580 85852780
1700109031647 86469344
1700194593541 87185388
1700281357174 87559305
1700367339880 87577632
1700453912712 87126506
1700540659795 87230777
1700626932875 87378375
1700713706878 84335426
1700799798179 85676900
1700886476817 84980805
1700972214940 79102608
1701058625470 79153673
1701145112443 78902152
1701232753435 79703628
1701320596190 79639179
1701404289240 80887470
1701490760854 80847659
1701576928428 82169376
1701663459812 82452466
1701750390941 82588960
1701836570044 82847543
1701923164635 82956394
1702009722616 82711002
1702095578925 79830959
1702268652454 82253052
1702354947943 82400974
1702441461874 82566121
1702527783595 82271433
1702614272402 82517360
1702700797686 82738822
1702786538429 82950709
1702873104156 83252457
1702960970589 83344859
1703045996439 83566747
1703132817525 83834723
1703221185154 83251576
1703304797549 83610873
1703391261940 83728762
1703477480147 83951053
1703564415540 79318309
1703650746296 80619929
1703737264142 80788137
1703825319825 80290109
1703912019557 79016735
1703996112225 79607685
1704082324161 79756985
1704169097479 80296044
1704256213363 80335517
1704342398305 80472301
1704428862427 81954588
1704515022948 81926206
1704601708570 81539210
1704688159171 81651425
1704775899723 81910952
1704861776896 82551992
1704948640450 83892136
1705034115121 83910077
1705120513579 84293942
1705206777570 84389610
1705294220675 84500800
1705383309686 84632552
1705466297558 84590738
1705553077696 84765476
1705640173612 80836990
1705725129770 81978355
1705811402766 82166142
1705897532718 81806876
1705984652587 82164458
1706071363379 82326181
1706157229163 83912944
1706243561442 84093838
1706330806520 84492455
1706418895286 79741921
1706557043571 79508563
1706639450586 80965787
1706726046673 81585520
1706812230917 82965584
1706898852177 83225035
1706984563635 83859501
1707071090271 83933944
1707157718445 84092400
1707246086493 83633311
1707347348925 83989010
1707431792404 84319269
1707503287463 84605173
1707589504356 84737792
1707675839278 84819151
1707762515630 84469380
1707849207230 84966995
1707938659385 85096921
1708021830894 85336945
1708112044942 80204624
1708194462485 80743271
1708281644669 82334885
1708368511002 82593160
1708454381021 83243785
1708540586842 83485495
1708627485968 84780799
1708713400031 84463905
1708799710016 84704273
1708885848617 84870242
1708972722648 84890875
1709064418591 84901985
1709145453117 85410277
1709232042496 85513828
1709318697740 85904171
1709405551208 86105479
1709491058609 85819640
1709577600089 85934194
1709640888508 86166723
1709727030420 84349300
1709813898481 84739365
1709899713547 84371632
1709989625284 84734462
1710072520196 84902476
1710159405315 85105828
1710245774990 85270014
1710332018210 85441658
1710418123928 86000300
1710504684633 86682636
1710590996465 86903195
1710677598114 87218611
1710764112940 87283698
1710850828455 87337758
1710936492770 88420736
1711023334732 84462955
1711109635647 86228748
1711198776173 86360206
1711282501451 87208968
1711368909682 86719635
1711455054631 87040213
1711541771259 87301933
1711627925750 87287246
1711714595040 87751255
1711800652946 87828003
1711890086173 87920553
1711977059003 83426349
1712061176167 83529522
1712146659690 84703011
1712232878612 84878734
1712319764371 85228038
1712405873741 85351187
1712492267730 86003327
1712578735161 86183475
1712667927545 86500322
1712752205173 86869734
1712837911661 87057898
1712924326295 86706985
1713010295441 87113802
1713097165060 87342572
1713186663149 88529598
1713270595051 85173800
1713360414574 83457121
1713442880357 85382869
1713529104361 85954515
1713615476865 86221601
1713702027177 86670862
1713788211987 86649231
1713874922476 87915868
1713961458285 87688513
1714051184143 88219717
1714134730762 88449868
1714220554406 88602274
1714306709331 88402630
1714393149376 89070716
1714479392601 89336412
1714565869352 89512011
1714652513410 89699941
1714741668019 89499000
1714825723395 85442844
1714914845858 84880694
1714997932182 85984485
1715084394316 87970473
1715172380290 88351240
1715258061515 87540767
1715343772223 87854978
1715430271463 88292186
1715516388945 88765485
1715606336462 89224424
1715689508539 89268573
1715775753015 89619147
1715862868100 90794275
1715951356328 90571027
1716034844587 85140262
1716121265850 85571733
1716210433818 88319377
1716296183247 88450971
1716383500252 89878262
1716466966450 90827962
1716553730895 91294164
1716639486179 91748219
1716728860740 92137708
1716816347554 86495528
1716902305563 86749885
1716985391820 87414193
1717071677760 88107835
1717158354554 89252660
1717244722235 91846734
1717334081080 92473072
1717417606319 92526386
1717504211036 93439502
1717593653226 93342023
1717678221396 92946992
1717763834703 93662314
1717852564427 93901452
1717938815379 94196381
1718022613102 93888845
1718108834637 89199445
1718195225998 89759568
1718281728094 89910566
1718372033333 90488941
1718454414749 90646649
1718543829565 90676435
1718630889026 91957755
1718717267751 88577454
1718800419275 91054164
1718886637355 91341313
1719062436534 93787867
1719145608706 93881062
1719232166601 93826563
1719321566896 94049208
1719405104614 94386033
1719493771774 94923306
1719577933546 95403404
1719667368170 95465830
1719753686936 90535651
1719840637077 91272068
1719924795259 89907961
1720010439910 91504344
1720096662808 91845995
1720182964209 92471500
1720272017141 92278320
1720359099124 89413749
1720442206861 90821193
1720528442719 91497528
1720614960464 93182555
1720704159664 94817635
1720787864931 94699024
1720874259869 95364945
1720963496937 96294060
1721046859734 96264109
1721133462268 96639630
1721223142304 97196945
1721309435710 98164208
1721396027176 93836212
1721482089700 94199414
1721568269130 93913031
1721655287754 93877279
1721738380341 93953405
1721824743265 94718707
1721914215180 94926139
1722000956301 95095621
1722086788845 95923998
1722170324465 96447588
1722256834458 91677744
1722343433195 92332650
1722433282701 90509609
1722517214343 92639454
1722602975667 93103424
1722688775728 94869841
1722778326734 94491862
1722865237019 94903172
1722951559179 95046269
1723037913605 95087417
1723124206707 95515224
1723210983782 95232675
1723296941103 91706179
1723383255517 93887144
1723469842510 93990674
1723556790494 94695563
1723642712547 94538119
1723730248376 91513302
1723816990752 93170127
1723903775939 94615118
1723988339681 95012519
1724077177447 94868554
1724161562368 95218684
1724249433590 95535622
1724334851545 95657042
1724421744473 92426646
1724509430483 94861378
1724593927479 95425588
1724680802868 95718832
1724768334299 96240997
1724853670632 96129595
1724940486605 96180621
1725026671636 96316600
1725113444631 93439568
1725199720339 93626986
1725286278504 94284212
1725372473023 94551667
1725459627992 95745022
1725545411196 92588223
1725631641704 94977165
1725718525194 96705199
1725804209689 96625760
1725891504884 96851002
1725976880489 96959001
1726063696136 98300991
1726150173620 98116000
1726235792880 98319536
1726322755497 95130450
1726405908028 95834441
1726495201410 95954598
1726582021777 97606884
1726668035434 97950721
1726754057366 98078096
1726840225864 98111382
1726928201047 98490012
1727013465981 98706129
1727097844213 98918697
1727185671202 99541198
1727273479204 99411875
1727359818036 95887599
1727443073492 96541518
1727534156198 96840252
1727619388860 97340326
1727703583944 97444255
1727789707250 97663451
1727878362513 97622056
1727965139427 97788355
1728047525891 98764628
1728137219210 99017662
1728223436239 98701170
1728307423007 99049928
1728393921505 99209985
1728480063881 100511118
1728569246445 95501164
1728652349335 98044486
1728739707148 98837169
1728825660223 99742858
1728913148519 99992402
1729002074034 100374454
1729085190441 101137103
1729174228651 101704289
1729261567870 102455257
1729344461343 102948922
1729433929315 103028508
1729517859955 103316141
1729604958879 103520314
1729694069374 103236034
1729779401017 103597981
1729864419697 103918489
1729951180643 96516370
1730040979365 98071818
1730125563736 98581027
1730213192516 98998973
1730298321956 99400553
1730386120760 99763527
1730467364168 97133806
1730552907635 98137803
1730642250385 95057811
1730724974882 96900952
1730811476612 97296544
1730898123489 97766034
1730987204579 99676252
1731073735745 101165883
1731157300565 101881116
1731246651800 101894657
1731332789461 101373161
1731419513538 101898680
1731505879155 98678000
1731592541519 99338295
1731680220968 99016026
1731765140416 99369226
1731851376376 100223657
1731938039462 97585321
1732026139686 98409458
1732110831116 100226819
1732194094328 100654542
1732283441884 100534419
1732370490497 101141272
1732456090297 102315861
1732539813524 102518134
1732628961560 102777489
1732716382101 97568347
1732802165400 98714537
1732889240120 98763910
1732974615124 99031117
1733058186688 99409399
1733147977223 96442104
1733231949231 98584880
1733322922022 98329266
1733406542311 97013874
1733490180328 100470436
1733576514695 101548641
1733662868472 101783055
1733753048740 102474125
1733841532184 102704756
1733922067551 103077067
1734008657140 103343597
1734094891386 103431605
1734181324605 105438432
1734267816403 104421056
1734354241355 104705668
1734443348178 104905456
1734527308106 101765819
1734613521313 102591976
1734699904706 103096087
1734786188217 104446963
1734872712936 104648783
1734959166310 105162426
1735045705044 105538003
1735131738638 105623158
1735218821663 105744965
1735304767911 106161674
1735391232388 106180296
1735480270628 105991989
1735564150222 101291890
1735653644622 99199010
1735737459338 100659137
1735823299471 101353757
1735910005436 101510258
1735996673702 102465485
1736083001484 103572349
1736169453899 104228711
1736255986184 103887348
1736342425147 105031738
1736429128485 105564152
1736515170113 105624006
1736601691005 105911183
1736687929175 105223563
1736777911749 101270505
1736861021095 101991615
1736947562067 102119696
1737033817465 103780002
1737120115148 104145089
1737206423402 104108299
1737294267769 104334817
1737380298367 104734750
1737465621869 104892391
1737552206961 105500751
1737638628411 105691497
1737728162171 105367974
1737811530293 101023640
1737897796665 101547405
1737984220504 101939896
1738070731057 103637302
1738156996805 103983899
1738243147324 104341161
1738329520952 104543558
1738419308899 98639486
1738502253282 102137133
1738588834885 103880416
1738675322726 104831178
1738761615915 104929049
1738848133424 105120013
1738934526693 105547808
1739036854335 105686049
1739123277989 105880135
1739209926435 105694209
1739296185518 105755620
1739382811455 98576508
1739472109971 99880628
1739558984315 99457331
1739641897649 101596576
1739728360491 102403757
1739814917061 102469638
1739901546948 102592545
1739988328118 103319285
1740074177802 103771800
1740160521484 104113438
1740246836909 104393332
1740333370942 104599506
1740419882014 105056044
1740506373887 99416843
1740595478420 100275938
1740678934326 100965379
1740765252244 101861268
1740851894532 103567637
1740937900507 103215328
1741024589621 104738626
1741111076427 105162246
1741197568358 99874217
1741284079392 102443474
1741370301502 103238759
1741456634910 104069098
1741545862357 104184063
1741629682969 104439172
1741715998098 105150024
1741802097467 100943440
1741891520649 102290862
1741974798547 102679392
1742061489287 102988159
1742147553492 102673836
1742234179314 103174592
1742323355366 103292747
1742407068331 100293609
1742493459892 101874813
1742580327687 102416863
1742666094021 103930118
1742755794567 103705399
1742839152826 103905543
1742925773735 104077710
1743011891594 104183075
1743098287372 104256405
1743184912624 100594981
1743271072299 101910198
1743360321366 103806193
1743443917721 104227836
1743530725026 104579097
1743616761482 106211829
1743703165989 106385997
1743789640687 108077187
1744028489826 103382082